[{'rois': array([[  2, 204, 349, 460],
       [ 52,  91, 424, 392]]), 'class_ids': array([ 1, 17]), 'scores': array([0.9991548, 0.9987233], dtype=float32), 'masks': array([[[0, 0],
        [0, 0],
        [0, 0],
        ...,
        [0, 0],
        [0, 0],
        [0, 0]],

       [[0, 0],
        [0, 0],
        [0, 0],
        ...,
        [0, 0],
        [0, 0],
        [0, 0]],

       [[0, 0],
        [0, 0],
        [0, 0],
        ...,
        [0, 0],
        [0, 0],
        [0, 0]],

       ...,

       [[0, 0],
        [0, 0],
        [0, 0],
        ...,
        [0, 0],
        [0, 0],
        [0, 0]],

       [[0, 0],
        [0, 0],
        [0, 0],
        ...,
        [0, 0],
        [0, 0],
        [0, 0]],

       [[0, 0],
        [0, 0],
        [0, 0],
        ...,
        [0, 0],
        [0, 0],
        [0, 0]]], dtype=uint8)}]