[{'rois': array([[  0, 115, 303, 252]]), 'class_ids': array([17]), 'scores': array([0.99965346], dtype=float32), 'masks': array([[[0],
        [0],
        [0],
        ...,
        [0],
        [0],
        [0]],

       [[0],
        [0],
        [0],
        ...,
        [0],
        [0],
        [0]],

       [[0],
        [0],
        [0],
        ...,
        [0],
        [0],
        [0]],

       ...,

       [[0],
        [0],
        [0],
        ...,
        [0],
        [0],
        [0]],

       [[0],
        [0],
        [0],
        ...,
        [0],
        [0],
        [0]],

       [[0],
        [0],
        [0],
        ...,
        [0],
        [0],
        [0]]], dtype=uint8)}, {'rois': array([[ 55,  91, 343, 388]]), 'class_ids': array([17]), 'scores': array([0.99947697], dtype=float32), 'masks': array([[[0],
        [0],
        [0],
        ...,
        [0],
        [0],
        [0]],

       [[0],
        [0],
        [0],
        ...,
        [0],
        [0],
        [0]],

       [[0],
        [0],
        [0],
        ...,
        [0],
        [0],
        [0]],

       ...,

       [[0],
        [0],
        [0],
        ...,
        [0],
        [0],
        [0]],

       [[0],
        [0],
        [0],
        ...,
        [0],
        [0],
        [0]],

       [[0],
        [0],
        [0],
        ...,
        [0],
        [0],
        [0]]], dtype=uint8)}]